5.000000000000000000e+00
6.000000000000000000e+00
1.800000000000000000e+01
2.300000000000000000e+01
4.500000000000000000e+01
6.000000000000000000e+01
6.300000000000000000e+01
6.900000000000000000e+01
9.400000000000000000e+01
1.010000000000000000e+02
1.070000000000000000e+02
1.250000000000000000e+02
1.290000000000000000e+02
1.420000000000000000e+02
1.470000000000000000e+02
1.540000000000000000e+02
1.580000000000000000e+02
1.600000000000000000e+02
1.790000000000000000e+02
1.860000000000000000e+02
1.920000000000000000e+02
1.980000000000000000e+02
