6.000000000000000000e+00
7.000000000000000000e+00
1.500000000000000000e+01
1.900000000000000000e+01
4.900000000000000000e+01
5.000000000000000000e+01
5.200000000000000000e+01
6.800000000000000000e+01
7.700000000000000000e+01
9.800000000000000000e+01
1.020000000000000000e+02
1.070000000000000000e+02
1.140000000000000000e+02
1.190000000000000000e+02
1.290000000000000000e+02
1.320000000000000000e+02
1.490000000000000000e+02
1.550000000000000000e+02
1.660000000000000000e+02
1.840000000000000000e+02
1.860000000000000000e+02
1.940000000000000000e+02
