3.400000000000000000e+01 3.300000000000000000e+01
3.900000000000000000e+01 3.300000000000000000e+01
4.600000000000000000e+01 8.000000000000000000e+00
4.900000000000000000e+01 1.140000000000000000e+02
5.100000000000000000e+01 1.080000000000000000e+02
5.100000000000000000e+01 1.140000000000000000e+02
5.300000000000000000e+01 1.080000000000000000e+02
5.300000000000000000e+01 1.140000000000000000e+02
5.400000000000000000e+01 1.140000000000000000e+02
5.500000000000000000e+01 1.080000000000000000e+02
5.500000000000000000e+01 1.140000000000000000e+02
5.600000000000000000e+01 1.080000000000000000e+02
5.600000000000000000e+01 1.140000000000000000e+02
7.100000000000000000e+01 1.140000000000000000e+02
8.800000000000000000e+01 5.700000000000000000e+01
9.000000000000000000e+01 1.360000000000000000e+02
9.000000000000000000e+01 1.370000000000000000e+02
9.100000000000000000e+01 6.300000000000000000e+01
9.300000000000000000e+01 1.080000000000000000e+02
9.300000000000000000e+01 1.140000000000000000e+02
9.400000000000000000e+01 1.140000000000000000e+02
9.500000000000000000e+01 1.080000000000000000e+02
9.500000000000000000e+01 1.140000000000000000e+02
9.600000000000000000e+01 1.080000000000000000e+02
9.600000000000000000e+01 1.140000000000000000e+02
1.070000000000000000e+02 1.010000000000000000e+02
1.090000000000000000e+02 9.400000000000000000e+01
1.120000000000000000e+02 8.900000000000000000e+01
1.130000000000000000e+02 8.900000000000000000e+01
1.150000000000000000e+02 1.140000000000000000e+02
1.230000000000000000e+02 9.400000000000000000e+01
1.240000000000000000e+02 9.400000000000000000e+01
1.290000000000000000e+02 9.400000000000000000e+01
1.300000000000000000e+02 9.400000000000000000e+01
1.310000000000000000e+02 9.400000000000000000e+01
1.330000000000000000e+02 9.400000000000000000e+01
1.520000000000000000e+02 9.400000000000000000e+01
1.610000000000000000e+02 9.400000000000000000e+01
1.660000000000000000e+02 9.400000000000000000e+01
1.710000000000000000e+02 1.080000000000000000e+02
1.710000000000000000e+02 1.130000000000000000e+02
1.720000000000000000e+02 9.000000000000000000e+00
1.720000000000000000e+02 6.400000000000000000e+01
1.740000000000000000e+02 1.080000000000000000e+02
1.740000000000000000e+02 1.140000000000000000e+02
1.750000000000000000e+02 1.080000000000000000e+02
1.760000000000000000e+02 1.080000000000000000e+02
1.780000000000000000e+02 1.140000000000000000e+02
1.800000000000000000e+02 1.080000000000000000e+02
1.800000000000000000e+02 1.140000000000000000e+02
1.810000000000000000e+02 1.140000000000000000e+02
1.960000000000000000e+02 1.340000000000000000e+02
1.960000000000000000e+02 1.390000000000000000e+02
2.160000000000000000e+02 1.080000000000000000e+02
2.160000000000000000e+02 1.140000000000000000e+02
2.180000000000000000e+02 1.080000000000000000e+02
2.180000000000000000e+02 1.140000000000000000e+02
2.190000000000000000e+02 1.140000000000000000e+02
2.200000000000000000e+02 1.080000000000000000e+02
2.200000000000000000e+02 1.140000000000000000e+02
2.210000000000000000e+02 1.080000000000000000e+02
2.210000000000000000e+02 1.140000000000000000e+02
2.240000000000000000e+02 1.220000000000000000e+02
2.250000000000000000e+02 2.700000000000000000e+01
2.250000000000000000e+02 2.400000000000000000e+01
2.260000000000000000e+02 1.080000000000000000e+02
2.260000000000000000e+02 1.140000000000000000e+02
2.270000000000000000e+02 2.700000000000000000e+01
2.270000000000000000e+02 2.400000000000000000e+01
2.280000000000000000e+02 2.700000000000000000e+01
2.280000000000000000e+02 2.400000000000000000e+01
2.320000000000000000e+02 9.400000000000000000e+01
2.330000000000000000e+02 9.400000000000000000e+01
2.340000000000000000e+02 9.400000000000000000e+01
2.360000000000000000e+02 1.140000000000000000e+02
2.370000000000000000e+02 1.140000000000000000e+02
2.380000000000000000e+02 1.140000000000000000e+02
2.420000000000000000e+02 6.300000000000000000e+01
2.430000000000000000e+02 5.700000000000000000e+01
2.450000000000000000e+02 1.080000000000000000e+02
2.450000000000000000e+02 1.140000000000000000e+02
2.460000000000000000e+02 5.700000000000000000e+01
2.480000000000000000e+02 9.400000000000000000e+01
2.570000000000000000e+02 1.140000000000000000e+02
2.580000000000000000e+02 2.000000000000000000e+01
2.600000000000000000e+02 1.360000000000000000e+02
2.600000000000000000e+02 1.370000000000000000e+02
2.610000000000000000e+02 1.140000000000000000e+02
2.620000000000000000e+02 6.300000000000000000e+01
2.640000000000000000e+02 1.140000000000000000e+02
2.650000000000000000e+02 1.080000000000000000e+02
2.650000000000000000e+02 1.140000000000000000e+02
2.670000000000000000e+02 9.400000000000000000e+01
2.680000000000000000e+02 1.080000000000000000e+02
2.680000000000000000e+02 1.140000000000000000e+02
2.690000000000000000e+02 1.080000000000000000e+02
2.690000000000000000e+02 1.140000000000000000e+02
2.710000000000000000e+02 1.080000000000000000e+02
2.710000000000000000e+02 1.140000000000000000e+02
2.720000000000000000e+02 1.080000000000000000e+02
2.720000000000000000e+02 1.140000000000000000e+02
2.740000000000000000e+02 1.080000000000000000e+02
2.740000000000000000e+02 1.140000000000000000e+02
2.750000000000000000e+02 1.080000000000000000e+02
2.750000000000000000e+02 1.140000000000000000e+02
2.760000000000000000e+02 1.080000000000000000e+02
2.760000000000000000e+02 1.130000000000000000e+02
2.760000000000000000e+02 5.300000000000000000e+01
2.760000000000000000e+02 5.400000000000000000e+01
2.760000000000000000e+02 5.500000000000000000e+01
2.760000000000000000e+02 5.700000000000000000e+01
2.760000000000000000e+02 9.400000000000000000e+01
2.770000000000000000e+02 1.080000000000000000e+02
2.770000000000000000e+02 1.140000000000000000e+02
2.820000000000000000e+02 1.080000000000000000e+02
2.820000000000000000e+02 1.130000000000000000e+02
2.820000000000000000e+02 5.300000000000000000e+01
2.820000000000000000e+02 5.400000000000000000e+01
2.820000000000000000e+02 5.500000000000000000e+01
2.820000000000000000e+02 5.700000000000000000e+01
2.820000000000000000e+02 9.400000000000000000e+01
2.830000000000000000e+02 1.080000000000000000e+02
2.830000000000000000e+02 1.140000000000000000e+02
2.860000000000000000e+02 1.140000000000000000e+02
2.910000000000000000e+02 1.080000000000000000e+02
2.910000000000000000e+02 1.140000000000000000e+02
2.920000000000000000e+02 1.080000000000000000e+02
2.920000000000000000e+02 1.140000000000000000e+02
2.930000000000000000e+02 9.400000000000000000e+01
2.980000000000000000e+02 6.300000000000000000e+01
2.990000000000000000e+02 1.080000000000000000e+02
2.990000000000000000e+02 1.140000000000000000e+02
3.000000000000000000e+02 1.080000000000000000e+02
3.010000000000000000e+02 9.400000000000000000e+01
3.020000000000000000e+02 1.080000000000000000e+02
3.020000000000000000e+02 1.140000000000000000e+02
3.030000000000000000e+02 1.080000000000000000e+02
3.030000000000000000e+02 1.140000000000000000e+02
3.040000000000000000e+02 6.300000000000000000e+01
3.050000000000000000e+02 1.080000000000000000e+02
3.050000000000000000e+02 1.140000000000000000e+02
3.060000000000000000e+02 1.080000000000000000e+02
3.060000000000000000e+02 1.140000000000000000e+02
3.070000000000000000e+02 1.080000000000000000e+02
3.070000000000000000e+02 1.140000000000000000e+02
3.080000000000000000e+02 1.030000000000000000e+02
3.080000000000000000e+02 1.000000000000000000e+01
3.090000000000000000e+02 6.400000000000000000e+01
3.120000000000000000e+02 1.220000000000000000e+02
3.120000000000000000e+02 1.290000000000000000e+02
3.200000000000000000e+02 1.600000000000000000e+01
3.200000000000000000e+02 3.300000000000000000e+01
3.240000000000000000e+02 1.080000000000000000e+02
3.240000000000000000e+02 1.140000000000000000e+02
3.250000000000000000e+02 1.140000000000000000e+02
3.270000000000000000e+02 1.080000000000000000e+02
3.270000000000000000e+02 1.140000000000000000e+02
3.280000000000000000e+02 1.080000000000000000e+02
3.280000000000000000e+02 1.140000000000000000e+02
3.390000000000000000e+02 1.080000000000000000e+02
3.390000000000000000e+02 1.140000000000000000e+02
3.400000000000000000e+02 9.400000000000000000e+01
3.410000000000000000e+02 1.080000000000000000e+02
3.410000000000000000e+02 1.140000000000000000e+02
3.420000000000000000e+02 9.400000000000000000e+01
3.430000000000000000e+02 9.400000000000000000e+01
3.440000000000000000e+02 6.300000000000000000e+01
3.450000000000000000e+02 1.040000000000000000e+02
3.460000000000000000e+02 1.080000000000000000e+02
3.460000000000000000e+02 1.140000000000000000e+02
3.480000000000000000e+02 5.700000000000000000e+01
3.490000000000000000e+02 5.700000000000000000e+01
3.510000000000000000e+02 1.080000000000000000e+02
3.510000000000000000e+02 1.140000000000000000e+02
3.520000000000000000e+02 1.080000000000000000e+02
3.520000000000000000e+02 1.140000000000000000e+02
3.530000000000000000e+02 9.400000000000000000e+01
3.550000000000000000e+02 5.700000000000000000e+01
3.560000000000000000e+02 9.400000000000000000e+01
3.570000000000000000e+02 6.300000000000000000e+01
3.580000000000000000e+02 1.080000000000000000e+02
3.580000000000000000e+02 1.140000000000000000e+02
3.590000000000000000e+02 9.400000000000000000e+01
3.610000000000000000e+02 1.340000000000000000e+02
3.610000000000000000e+02 1.390000000000000000e+02
3.610000000000000000e+02 1.350000000000000000e+02
3.610000000000000000e+02 1.360000000000000000e+02
3.620000000000000000e+02 6.300000000000000000e+01
3.640000000000000000e+02 1.080000000000000000e+02
3.640000000000000000e+02 1.140000000000000000e+02
3.650000000000000000e+02 1.390000000000000000e+02
3.660000000000000000e+02 1.080000000000000000e+02
3.660000000000000000e+02 1.140000000000000000e+02
3.710000000000000000e+02 3.300000000000000000e+01
3.740000000000000000e+02 3.300000000000000000e+01
3.850000000000000000e+02 9.400000000000000000e+01
3.880000000000000000e+02 9.400000000000000000e+01
3.890000000000000000e+02 9.400000000000000000e+01
3.900000000000000000e+02 3.300000000000000000e+01
3.910000000000000000e+02 3.300000000000000000e+01
3.920000000000000000e+02 9.400000000000000000e+01
3.940000000000000000e+02 9.400000000000000000e+01
3.960000000000000000e+02 3.300000000000000000e+01
3.990000000000000000e+02 5.700000000000000000e+01
4.010000000000000000e+02 9.400000000000000000e+01
4.020000000000000000e+02 9.400000000000000000e+01
4.030000000000000000e+02 9.400000000000000000e+01
4.040000000000000000e+02 9.400000000000000000e+01
4.050000000000000000e+02 5.700000000000000000e+01
4.100000000000000000e+02 9.400000000000000000e+01
4.110000000000000000e+02 9.400000000000000000e+01
4.120000000000000000e+02 1.040000000000000000e+02
4.130000000000000000e+02 9.400000000000000000e+01
4.140000000000000000e+02 9.400000000000000000e+01
4.150000000000000000e+02 9.400000000000000000e+01
4.160000000000000000e+02 9.400000000000000000e+01
4.170000000000000000e+02 9.400000000000000000e+01
4.180000000000000000e+02 9.400000000000000000e+01
4.190000000000000000e+02 9.400000000000000000e+01
4.210000000000000000e+02 9.400000000000000000e+01
4.220000000000000000e+02 8.700000000000000000e+01
4.230000000000000000e+02 3.300000000000000000e+01
4.260000000000000000e+02 9.400000000000000000e+01
4.270000000000000000e+02 9.000000000000000000e+01
4.410000000000000000e+02 4.000000000000000000e+01
4.440000000000000000e+02 9.400000000000000000e+01
4.460000000000000000e+02 3.300000000000000000e+01
4.490000000000000000e+02 9.000000000000000000e+01
4.490000000000000000e+02 3.300000000000000000e+01
4.490000000000000000e+02 9.400000000000000000e+01
4.500000000000000000e+02 1.220000000000000000e+02
4.510000000000000000e+02 3.300000000000000000e+01
4.530000000000000000e+02 3.300000000000000000e+01
4.540000000000000000e+02 3.300000000000000000e+01
4.550000000000000000e+02 1.130000000000000000e+02
4.560000000000000000e+02 8.600000000000000000e+01
4.560000000000000000e+02 1.600000000000000000e+01
4.560000000000000000e+02 5.700000000000000000e+01
4.560000000000000000e+02 3.300000000000000000e+01
4.570000000000000000e+02 1.080000000000000000e+02
4.580000000000000000e+02 5.700000000000000000e+01
4.580000000000000000e+02 9.100000000000000000e+01
4.580000000000000000e+02 9.200000000000000000e+01
4.580000000000000000e+02 8.100000000000000000e+01
4.590000000000000000e+02 5.700000000000000000e+01
4.600000000000000000e+02 9.400000000000000000e+01
4.620000000000000000e+02 2.000000000000000000e+01
4.640000000000000000e+02 7.400000000000000000e+01
4.640000000000000000e+02 2.000000000000000000e+01
4.650000000000000000e+02 3.300000000000000000e+01
4.660000000000000000e+02 1.080000000000000000e+02
4.660000000000000000e+02 7.400000000000000000e+01
4.660000000000000000e+02 9.400000000000000000e+01
4.660000000000000000e+02 2.000000000000000000e+01
4.680000000000000000e+02 9.400000000000000000e+01
4.690000000000000000e+02 1.220000000000000000e+02
4.700000000000000000e+02 9.400000000000000000e+01
4.700000000000000000e+02 1.390000000000000000e+02
4.700000000000000000e+02 2.000000000000000000e+01
4.700000000000000000e+02 1.010000000000000000e+02
4.720000000000000000e+02 5.700000000000000000e+01
4.720000000000000000e+02 1.370000000000000000e+02
4.770000000000000000e+02 9.400000000000000000e+01
4.770000000000000000e+02 1.080000000000000000e+02
4.770000000000000000e+02 1.370000000000000000e+02
4.780000000000000000e+02 9.400000000000000000e+01
4.780000000000000000e+02 1.080000000000000000e+02
4.780000000000000000e+02 1.370000000000000000e+02
4.790000000000000000e+02 3.300000000000000000e+01
4.800000000000000000e+02 3.300000000000000000e+01
4.810000000000000000e+02 1.130000000000000000e+02
4.820000000000000000e+02 3.300000000000000000e+01
4.830000000000000000e+02 2.700000000000000000e+01
4.830000000000000000e+02 2.400000000000000000e+01
4.830000000000000000e+02 1.080000000000000000e+02
4.830000000000000000e+02 9.400000000000000000e+01
4.830000000000000000e+02 8.200000000000000000e+01
4.840000000000000000e+02 7.400000000000000000e+01
4.890000000000000000e+02 2.800000000000000000e+01
4.920000000000000000e+02 9.400000000000000000e+01
4.920000000000000000e+02 2.700000000000000000e+01
4.920000000000000000e+02 2.400000000000000000e+01
4.920000000000000000e+02 1.080000000000000000e+02
4.930000000000000000e+02 9.400000000000000000e+01
5.190000000000000000e+02 1.360000000000000000e+02
5.190000000000000000e+02 1.370000000000000000e+02
5.210000000000000000e+02 7.400000000000000000e+01
5.220000000000000000e+02 3.300000000000000000e+01
5.240000000000000000e+02 3.300000000000000000e+01
5.250000000000000000e+02 9.400000000000000000e+01
5.270000000000000000e+02 8.900000000000000000e+01
5.300000000000000000e+02 1.080000000000000000e+02
5.310000000000000000e+02 5.700000000000000000e+01
5.330000000000000000e+02 3.300000000000000000e+01
5.360000000000000000e+02 3.300000000000000000e+01
5.370000000000000000e+02 5.700000000000000000e+01
5.380000000000000000e+02 1.080000000000000000e+02
5.390000000000000000e+02 9.800000000000000000e+01
5.390000000000000000e+02 1.040000000000000000e+02
5.390000000000000000e+02 7.000000000000000000e+00
5.390000000000000000e+02 1.500000000000000000e+01
5.390000000000000000e+02 6.500000000000000000e+01
5.390000000000000000e+02 8.400000000000000000e+01
5.390000000000000000e+02 9.400000000000000000e+01
5.400000000000000000e+02 5.700000000000000000e+01
5.410000000000000000e+02 3.300000000000000000e+01
5.430000000000000000e+02 1.080000000000000000e+02
5.500000000000000000e+02 9.400000000000000000e+01
5.510000000000000000e+02 2.800000000000000000e+01
5.520000000000000000e+02 9.400000000000000000e+01
5.520000000000000000e+02 1.180000000000000000e+02
5.520000000000000000e+02 1.080000000000000000e+02
5.530000000000000000e+02 1.080000000000000000e+02
5.530000000000000000e+02 5.300000000000000000e+01
5.530000000000000000e+02 3.300000000000000000e+01
5.530000000000000000e+02 3.700000000000000000e+01
5.530000000000000000e+02 3.500000000000000000e+01
5.530000000000000000e+02 9.400000000000000000e+01
5.530000000000000000e+02 1.180000000000000000e+02
5.560000000000000000e+02 1.010000000000000000e+02
5.580000000000000000e+02 3.300000000000000000e+01
5.630000000000000000e+02 1.040000000000000000e+02
5.640000000000000000e+02 3.300000000000000000e+01
5.660000000000000000e+02 6.300000000000000000e+01
5.670000000000000000e+02 3.300000000000000000e+01
5.680000000000000000e+02 3.300000000000000000e+01
5.690000000000000000e+02 5.300000000000000000e+01
5.690000000000000000e+02 1.080000000000000000e+02
5.690000000000000000e+02 1.130000000000000000e+02
5.690000000000000000e+02 1.220000000000000000e+02
5.690000000000000000e+02 9.400000000000000000e+01
5.780000000000000000e+02 6.400000000000000000e+01
5.780000000000000000e+02 1.030000000000000000e+02
5.780000000000000000e+02 1.000000000000000000e+01
5.790000000000000000e+02 9.500000000000000000e+01
5.790000000000000000e+02 6.400000000000000000e+01
5.790000000000000000e+02 1.030000000000000000e+02
5.790000000000000000e+02 1.000000000000000000e+01
5.800000000000000000e+02 1.330000000000000000e+02
5.840000000000000000e+02 9.400000000000000000e+01
5.850000000000000000e+02 5.700000000000000000e+01
5.850000000000000000e+02 9.400000000000000000e+01
5.850000000000000000e+02 1.080000000000000000e+02
5.860000000000000000e+02 9.400000000000000000e+01
5.870000000000000000e+02 9.600000000000000000e+01
5.880000000000000000e+02 1.080000000000000000e+02
5.880000000000000000e+02 2.800000000000000000e+01
5.880000000000000000e+02 9.400000000000000000e+01
5.890000000000000000e+02 3.300000000000000000e+01
5.900000000000000000e+02 1.080000000000000000e+02
5.920000000000000000e+02 3.300000000000000000e+01
5.930000000000000000e+02 3.300000000000000000e+01
5.940000000000000000e+02 1.080000000000000000e+02
5.940000000000000000e+02 5.700000000000000000e+01
5.940000000000000000e+02 9.400000000000000000e+01
5.950000000000000000e+02 9.400000000000000000e+01
5.950000000000000000e+02 5.700000000000000000e+01
5.950000000000000000e+02 2.500000000000000000e+01
5.950000000000000000e+02 1.080000000000000000e+02
5.950000000000000000e+02 1.130000000000000000e+02
5.950000000000000000e+02 7.100000000000000000e+01
5.970000000000000000e+02 1.220000000000000000e+02
5.980000000000000000e+02 1.220000000000000000e+02
5.980000000000000000e+02 1.290000000000000000e+02
5.980000000000000000e+02 8.000000000000000000e+00
5.990000000000000000e+02 1.220000000000000000e+02
6.000000000000000000e+02 1.080000000000000000e+02
6.010000000000000000e+02 4.100000000000000000e+01
6.010000000000000000e+02 1.010000000000000000e+02
6.010000000000000000e+02 1.080000000000000000e+02
6.010000000000000000e+02 9.400000000000000000e+01
6.010000000000000000e+02 1.220000000000000000e+02
6.010000000000000000e+02 5.700000000000000000e+01
6.030000000000000000e+02 3.300000000000000000e+01
6.060000000000000000e+02 2.700000000000000000e+01
6.060000000000000000e+02 2.400000000000000000e+01
6.060000000000000000e+02 9.400000000000000000e+01
6.060000000000000000e+02 4.800000000000000000e+01
6.070000000000000000e+02 4.800000000000000000e+01
6.080000000000000000e+02 9.400000000000000000e+01
6.080000000000000000e+02 1.100000000000000000e+01
6.080000000000000000e+02 1.130000000000000000e+02
6.100000000000000000e+02 9.400000000000000000e+01
6.100000000000000000e+02 1.080000000000000000e+02
6.120000000000000000e+02 7.400000000000000000e+01
6.130000000000000000e+02 7.400000000000000000e+01
6.130000000000000000e+02 1.080000000000000000e+02
6.140000000000000000e+02 1.080000000000000000e+02
6.150000000000000000e+02 3.900000000000000000e+01
6.160000000000000000e+02 7.400000000000000000e+01
6.160000000000000000e+02 2.000000000000000000e+01
6.160000000000000000e+02 1.220000000000000000e+02
6.160000000000000000e+02 1.080000000000000000e+02
6.160000000000000000e+02 6.900000000000000000e+01
6.160000000000000000e+02 9.000000000000000000e+01
6.170000000000000000e+02 7.400000000000000000e+01
6.180000000000000000e+02 7.400000000000000000e+01
6.190000000000000000e+02 7.400000000000000000e+01
6.200000000000000000e+02 7.400000000000000000e+01
6.200000000000000000e+02 1.080000000000000000e+02
6.210000000000000000e+02 5.700000000000000000e+01
6.210000000000000000e+02 9.400000000000000000e+01
6.210000000000000000e+02 1.180000000000000000e+02
6.210000000000000000e+02 9.100000000000000000e+01
6.210000000000000000e+02 9.200000000000000000e+01
6.210000000000000000e+02 8.100000000000000000e+01
6.210000000000000000e+02 2.800000000000000000e+01
6.220000000000000000e+02 2.700000000000000000e+01
6.220000000000000000e+02 2.400000000000000000e+01
6.230000000000000000e+02 7.400000000000000000e+01
6.370000000000000000e+02 2.000000000000000000e+01
6.380000000000000000e+02 3.300000000000000000e+01
6.400000000000000000e+02 1.080000000000000000e+02
6.400000000000000000e+02 1.130000000000000000e+02
6.420000000000000000e+02 1.080000000000000000e+02
6.420000000000000000e+02 5.700000000000000000e+01
6.420000000000000000e+02 1.400000000000000000e+01
6.440000000000000000e+02 3.200000000000000000e+01
6.450000000000000000e+02 1.220000000000000000e+02
6.450000000000000000e+02 3.300000000000000000e+01
6.460000000000000000e+02 1.220000000000000000e+02
6.460000000000000000e+02 1.080000000000000000e+02
6.480000000000000000e+02 3.300000000000000000e+01
6.490000000000000000e+02 1.080000000000000000e+02
6.490000000000000000e+02 5.700000000000000000e+01
6.490000000000000000e+02 9.400000000000000000e+01
6.500000000000000000e+02 9.400000000000000000e+01
6.510000000000000000e+02 5.700000000000000000e+01
6.520000000000000000e+02 9.400000000000000000e+01
6.520000000000000000e+02 1.180000000000000000e+02
6.520000000000000000e+02 1.220000000000000000e+02
6.580000000000000000e+02 3.300000000000000000e+01
6.590000000000000000e+02 2.700000000000000000e+01
6.590000000000000000e+02 2.400000000000000000e+01
6.590000000000000000e+02 1.360000000000000000e+02
6.590000000000000000e+02 1.370000000000000000e+02
6.590000000000000000e+02 1.390000000000000000e+02
6.590000000000000000e+02 1.340000000000000000e+02
6.590000000000000000e+02 1.080000000000000000e+02
6.600000000000000000e+02 9.400000000000000000e+01
6.600000000000000000e+02 3.300000000000000000e+01
6.620000000000000000e+02 9.400000000000000000e+01
6.620000000000000000e+02 1.080000000000000000e+02
6.620000000000000000e+02 1.180000000000000000e+02
6.620000000000000000e+02 5.700000000000000000e+01
6.620000000000000000e+02 9.100000000000000000e+01
6.620000000000000000e+02 9.200000000000000000e+01
6.620000000000000000e+02 8.100000000000000000e+01
6.630000000000000000e+02 5.700000000000000000e+01
6.640000000000000000e+02 3.300000000000000000e+01
6.640000000000000000e+02 9.400000000000000000e+01
6.650000000000000000e+02 1.140000000000000000e+02
6.670000000000000000e+02 4.500000000000000000e+01
6.690000000000000000e+02 1.080000000000000000e+02
6.700000000000000000e+02 8.200000000000000000e+01
6.730000000000000000e+02 8.900000000000000000e+01
6.740000000000000000e+02 3.300000000000000000e+01
6.750000000000000000e+02 3.300000000000000000e+01
6.800000000000000000e+02 7.400000000000000000e+01
6.810000000000000000e+02 3.300000000000000000e+01
6.830000000000000000e+02 9.400000000000000000e+01
6.860000000000000000e+02 9.400000000000000000e+01
6.900000000000000000e+02 9.400000000000000000e+01
6.900000000000000000e+02 5.700000000000000000e+01
6.900000000000000000e+02 2.500000000000000000e+01
6.900000000000000000e+02 1.080000000000000000e+02
6.900000000000000000e+02 1.130000000000000000e+02
6.900000000000000000e+02 7.100000000000000000e+01
7.050000000000000000e+02 9.400000000000000000e+01
7.050000000000000000e+02 5.700000000000000000e+01
7.050000000000000000e+02 1.340000000000000000e+02
7.050000000000000000e+02 4.700000000000000000e+01
7.050000000000000000e+02 1.080000000000000000e+02
7.060000000000000000e+02 5.700000000000000000e+01
7.090000000000000000e+02 9.400000000000000000e+01
7.110000000000000000e+02 9.400000000000000000e+01
7.740000000000000000e+02 2.700000000000000000e+01
7.740000000000000000e+02 2.400000000000000000e+01
7.740000000000000000e+02 5.700000000000000000e+01
7.740000000000000000e+02 9.400000000000000000e+01
7.740000000000000000e+02 9.000000000000000000e+01
7.740000000000000000e+02 1.040000000000000000e+02
7.740000000000000000e+02 1.370000000000000000e+02
7.740000000000000000e+02 1.380000000000000000e+02
7.740000000000000000e+02 1.390000000000000000e+02
7.740000000000000000e+02 9.000000000000000000e+00
7.740000000000000000e+02 5.200000000000000000e+01
7.740000000000000000e+02 9.700000000000000000e+01
7.740000000000000000e+02 5.100000000000000000e+01
7.740000000000000000e+02 7.000000000000000000e+01
7.740000000000000000e+02 4.200000000000000000e+01
7.740000000000000000e+02 1.000000000000000000e+02
7.740000000000000000e+02 1.220000000000000000e+02
7.740000000000000000e+02 3.300000000000000000e+01
7.780000000000000000e+02 6.900000000000000000e+01
7.780000000000000000e+02 9.400000000000000000e+01
7.800000000000000000e+02 9.400000000000000000e+01
7.810000000000000000e+02 9.400000000000000000e+01
7.840000000000000000e+02 1.080000000000000000e+02
7.840000000000000000e+02 1.140000000000000000e+02
7.850000000000000000e+02 1.140000000000000000e+02
7.860000000000000000e+02 1.140000000000000000e+02
7.870000000000000000e+02 1.080000000000000000e+02
7.870000000000000000e+02 1.140000000000000000e+02
7.880000000000000000e+02 1.080000000000000000e+02
7.890000000000000000e+02 1.080000000000000000e+02
7.890000000000000000e+02 1.140000000000000000e+02
7.900000000000000000e+02 1.080000000000000000e+02
7.900000000000000000e+02 1.140000000000000000e+02
7.910000000000000000e+02 1.080000000000000000e+02
7.910000000000000000e+02 1.140000000000000000e+02
7.930000000000000000e+02 1.080000000000000000e+02
7.930000000000000000e+02 1.140000000000000000e+02
7.940000000000000000e+02 1.080000000000000000e+02
7.940000000000000000e+02 1.140000000000000000e+02
7.950000000000000000e+02 1.140000000000000000e+02
7.970000000000000000e+02 1.140000000000000000e+02
7.990000000000000000e+02 1.140000000000000000e+02
7.990000000000000000e+02 9.300000000000000000e+01
8.000000000000000000e+02 1.140000000000000000e+02
8.010000000000000000e+02 1.080000000000000000e+02
8.010000000000000000e+02 1.140000000000000000e+02
8.020000000000000000e+02 1.080000000000000000e+02
8.020000000000000000e+02 1.140000000000000000e+02
8.030000000000000000e+02 1.080000000000000000e+02
8.030000000000000000e+02 1.140000000000000000e+02
8.050000000000000000e+02 5.700000000000000000e+01
8.060000000000000000e+02 1.080000000000000000e+02
8.060000000000000000e+02 1.130000000000000000e+02
8.070000000000000000e+02 1.220000000000000000e+02
8.080000000000000000e+02 1.080000000000000000e+02
8.120000000000000000e+02 1.080000000000000000e+02
8.130000000000000000e+02 8.900000000000000000e+01
8.150000000000000000e+02 9.400000000000000000e+01
8.260000000000000000e+02 1.220000000000000000e+02
8.370000000000000000e+02 3.300000000000000000e+01
8.380000000000000000e+02 9.400000000000000000e+01
8.380000000000000000e+02 1.220000000000000000e+02
8.380000000000000000e+02 1.290000000000000000e+02
8.380000000000000000e+02 8.000000000000000000e+00
8.390000000000000000e+02 1.220000000000000000e+02
8.390000000000000000e+02 1.290000000000000000e+02
8.390000000000000000e+02 8.000000000000000000e+00
8.400000000000000000e+02 1.080000000000000000e+02
8.420000000000000000e+02 1.080000000000000000e+02
8.430000000000000000e+02 9.400000000000000000e+01
8.440000000000000000e+02 7.400000000000000000e+01
8.450000000000000000e+02 2.800000000000000000e+01
8.460000000000000000e+02 1.080000000000000000e+02
8.460000000000000000e+02 1.130000000000000000e+02
8.500000000000000000e+02 9.400000000000000000e+01
8.510000000000000000e+02 3.300000000000000000e+01
8.520000000000000000e+02 9.400000000000000000e+01
8.520000000000000000e+02 1.220000000000000000e+02
8.520000000000000000e+02 1.290000000000000000e+02
8.520000000000000000e+02 8.000000000000000000e+00
8.530000000000000000e+02 1.080000000000000000e+02
8.560000000000000000e+02 1.220000000000000000e+02
8.560000000000000000e+02 1.290000000000000000e+02
8.560000000000000000e+02 8.000000000000000000e+00
8.590000000000000000e+02 9.400000000000000000e+01
8.610000000000000000e+02 9.400000000000000000e+01
8.630000000000000000e+02 9.400000000000000000e+01
8.640000000000000000e+02 3.300000000000000000e+01
8.660000000000000000e+02 1.080000000000000000e+02
8.660000000000000000e+02 5.700000000000000000e+01
8.680000000000000000e+02 9.400000000000000000e+01
8.680000000000000000e+02 1.180000000000000000e+02
8.680000000000000000e+02 1.220000000000000000e+02
8.690000000000000000e+02 2.000000000000000000e+01
8.700000000000000000e+02 9.400000000000000000e+01
8.710000000000000000e+02 4.800000000000000000e+01
8.720000000000000000e+02 4.800000000000000000e+01
8.730000000000000000e+02 3.300000000000000000e+01
8.740000000000000000e+02 4.800000000000000000e+01
8.740000000000000000e+02 3.300000000000000000e+01
8.750000000000000000e+02 2.700000000000000000e+01
8.750000000000000000e+02 2.400000000000000000e+01
8.750000000000000000e+02 4.800000000000000000e+01
8.750000000000000000e+02 1.080000000000000000e+02
8.750000000000000000e+02 1.130000000000000000e+02
8.750000000000000000e+02 3.300000000000000000e+01
8.750000000000000000e+02 9.000000000000000000e+00
8.750000000000000000e+02 5.200000000000000000e+01
8.750000000000000000e+02 9.700000000000000000e+01
8.750000000000000000e+02 5.100000000000000000e+01
8.750000000000000000e+02 7.000000000000000000e+01
8.750000000000000000e+02 4.200000000000000000e+01
8.750000000000000000e+02 1.040000000000000000e+02
8.750000000000000000e+02 1.000000000000000000e+02
8.750000000000000000e+02 1.220000000000000000e+02
8.750000000000000000e+02 1.250000000000000000e+02
8.770000000000000000e+02 9.400000000000000000e+01
8.770000000000000000e+02 5.700000000000000000e+01
8.780000000000000000e+02 1.220000000000000000e+02
8.790000000000000000e+02 8.900000000000000000e+01
8.800000000000000000e+02 9.400000000000000000e+01
8.810000000000000000e+02 9.400000000000000000e+01
8.810000000000000000e+02 2.700000000000000000e+01
8.810000000000000000e+02 2.400000000000000000e+01
8.810000000000000000e+02 5.700000000000000000e+01
8.820000000000000000e+02 9.400000000000000000e+01
8.830000000000000000e+02 2.700000000000000000e+01
8.830000000000000000e+02 2.400000000000000000e+01
8.840000000000000000e+02 2.000000000000000000e+01
8.860000000000000000e+02 1.040000000000000000e+02
8.980000000000000000e+02 1.080000000000000000e+02
9.030000000000000000e+02 5.300000000000000000e+01
9.030000000000000000e+02 1.080000000000000000e+02
9.030000000000000000e+02 1.130000000000000000e+02
9.030000000000000000e+02 1.220000000000000000e+02
9.030000000000000000e+02 9.400000000000000000e+01
9.040000000000000000e+02 1.080000000000000000e+02
9.070000000000000000e+02 9.400000000000000000e+01
9.070000000000000000e+02 5.700000000000000000e+01
9.070000000000000000e+02 1.080000000000000000e+02
9.080000000000000000e+02 3.200000000000000000e+01
9.190000000000000000e+02 2.700000000000000000e+01
9.190000000000000000e+02 2.400000000000000000e+01
9.190000000000000000e+02 3.300000000000000000e+01
9.190000000000000000e+02 3.800000000000000000e+01
9.190000000000000000e+02 1.080000000000000000e+02
9.190000000000000000e+02 3.400000000000000000e+01
9.190000000000000000e+02 4.000000000000000000e+01
9.190000000000000000e+02 1.130000000000000000e+02
9.200000000000000000e+02 1.080000000000000000e+02
9.200000000000000000e+02 1.140000000000000000e+02
9.220000000000000000e+02 6.900000000000000000e+01
9.230000000000000000e+02 9.400000000000000000e+01
9.250000000000000000e+02 9.400000000000000000e+01
9.250000000000000000e+02 5.700000000000000000e+01
9.250000000000000000e+02 1.080000000000000000e+02
9.260000000000000000e+02 3.300000000000000000e+01
9.270000000000000000e+02 5.700000000000000000e+01
9.320000000000000000e+02 3.300000000000000000e+01
9.340000000000000000e+02 3.300000000000000000e+01
9.350000000000000000e+02 3.300000000000000000e+01
9.390000000000000000e+02 9.400000000000000000e+01
9.390000000000000000e+02 1.180000000000000000e+02
9.450000000000000000e+02 1.080000000000000000e+02
9.460000000000000000e+02 9.400000000000000000e+01
9.480000000000000000e+02 1.220000000000000000e+02
9.480000000000000000e+02 9.400000000000000000e+01
9.550000000000000000e+02 9.400000000000000000e+01
9.560000000000000000e+02 1.080000000000000000e+02
9.570000000000000000e+02 9.400000000000000000e+01
9.570000000000000000e+02 5.700000000000000000e+01
9.740000000000000000e+02 4.800000000000000000e+01
9.740000000000000000e+02 5.700000000000000000e+01
9.740000000000000000e+02 1.220000000000000000e+02
9.740000000000000000e+02 1.080000000000000000e+02
9.750000000000000000e+02 9.400000000000000000e+01
9.760000000000000000e+02 5.700000000000000000e+01
9.770000000000000000e+02 4.800000000000000000e+01
9.780000000000000000e+02 4.800000000000000000e+01
9.800000000000000000e+02 5.700000000000000000e+01
9.810000000000000000e+02 9.400000000000000000e+01
9.810000000000000000e+02 1.080000000000000000e+02
9.830000000000000000e+02 1.130000000000000000e+02
9.880000000000000000e+02 2.000000000000000000e+01
9.900000000000000000e+02 3.200000000000000000e+01
9.930000000000000000e+02 1.220000000000000000e+02
9.930000000000000000e+02 1.290000000000000000e+02
9.930000000000000000e+02 8.000000000000000000e+00
9.960000000000000000e+02 1.370000000000000000e+02
9.990000000000000000e+02 1.180000000000000000e+02
1.000000000000000000e+03 5.700000000000000000e+01
1.001000000000000000e+03 3.300000000000000000e+01
1.002000000000000000e+03 3.300000000000000000e+01
1.003000000000000000e+03 3.300000000000000000e+01
1.004000000000000000e+03 1.080000000000000000e+02
1.004000000000000000e+03 2.400000000000000000e+01
1.004000000000000000e+03 9.400000000000000000e+01
1.004000000000000000e+03 1.090000000000000000e+02
1.004000000000000000e+03 1.100000000000000000e+02
1.004000000000000000e+03 1.120000000000000000e+02
1.004000000000000000e+03 1.110000000000000000e+02
1.004000000000000000e+03 1.130000000000000000e+02
1.009000000000000000e+03 1.080000000000000000e+02
1.011000000000000000e+03 9.400000000000000000e+01
1.012000000000000000e+03 5.700000000000000000e+01
1.012000000000000000e+03 1.370000000000000000e+02
1.013000000000000000e+03 1.080000000000000000e+02
1.014000000000000000e+03 5.700000000000000000e+01
1.014000000000000000e+03 1.370000000000000000e+02
1.014000000000000000e+03 1.400000000000000000e+02
1.014000000000000000e+03 1.080000000000000000e+02
1.015000000000000000e+03 3.300000000000000000e+01
1.020000000000000000e+03 5.300000000000000000e+01
1.020000000000000000e+03 1.080000000000000000e+02
1.020000000000000000e+03 1.130000000000000000e+02
1.020000000000000000e+03 1.220000000000000000e+02
1.020000000000000000e+03 9.400000000000000000e+01
1.021000000000000000e+03 3.300000000000000000e+01
1.021000000000000000e+03 3.500000000000000000e+01
1.021000000000000000e+03 3.600000000000000000e+01
1.021000000000000000e+03 3.800000000000000000e+01
1.021000000000000000e+03 4.000000000000000000e+01
1.022000000000000000e+03 3.300000000000000000e+01
1.022000000000000000e+03 3.500000000000000000e+01
1.023000000000000000e+03 3.300000000000000000e+01
1.033000000000000000e+03 1.080000000000000000e+02
1.037000000000000000e+03 9.400000000000000000e+01
1.039000000000000000e+03 1.220000000000000000e+02
1.040000000000000000e+03 9.400000000000000000e+01
1.047000000000000000e+03 3.300000000000000000e+01
1.049000000000000000e+03 5.700000000000000000e+01
1.050000000000000000e+03 9.400000000000000000e+01
1.052000000000000000e+03 2.700000000000000000e+01
1.052000000000000000e+03 2.400000000000000000e+01
1.052000000000000000e+03 5.700000000000000000e+01
1.052000000000000000e+03 9.400000000000000000e+01
1.052000000000000000e+03 8.500000000000000000e+01
1.052000000000000000e+03 1.350000000000000000e+02
1.052000000000000000e+03 6.000000000000000000e+00
1.052000000000000000e+03 1.340000000000000000e+02
1.053000000000000000e+03 9.400000000000000000e+01
1.054000000000000000e+03 9.400000000000000000e+01
1.054000000000000000e+03 1.350000000000000000e+02
1.055000000000000000e+03 1.350000000000000000e+02
1.056000000000000000e+03 9.400000000000000000e+01
1.056000000000000000e+03 1.360000000000000000e+02
1.057000000000000000e+03 9.400000000000000000e+01
1.058000000000000000e+03 9.400000000000000000e+01
1.058000000000000000e+03 1.080000000000000000e+02
1.059000000000000000e+03 1.080000000000000000e+02
1.061000000000000000e+03 9.400000000000000000e+01
1.062000000000000000e+03 3.300000000000000000e+01
1.063000000000000000e+03 3.300000000000000000e+01
1.064000000000000000e+03 5.700000000000000000e+01
1.066000000000000000e+03 6.300000000000000000e+01
1.067000000000000000e+03 3.300000000000000000e+01
1.068000000000000000e+03 3.300000000000000000e+01
1.069000000000000000e+03 1.080000000000000000e+02
1.070000000000000000e+03 1.370000000000000000e+02
1.072000000000000000e+03 3.300000000000000000e+01
1.073000000000000000e+03 3.300000000000000000e+01
1.078000000000000000e+03 5.700000000000000000e+01
1.078000000000000000e+03 1.370000000000000000e+02
1.078000000000000000e+03 1.080000000000000000e+02
1.081000000000000000e+03 1.220000000000000000e+02
1.083000000000000000e+03 3.300000000000000000e+01
1.085000000000000000e+03 9.400000000000000000e+01
1.088000000000000000e+03 5.700000000000000000e+01
1.090000000000000000e+03 1.140000000000000000e+02
1.091000000000000000e+03 1.080000000000000000e+02
1.091000000000000000e+03 1.140000000000000000e+02
1.092000000000000000e+03 3.300000000000000000e+01
1.093000000000000000e+03 1.080000000000000000e+02
1.093000000000000000e+03 1.170000000000000000e+02
1.093000000000000000e+03 1.150000000000000000e+02
1.093000000000000000e+03 1.110000000000000000e+02
1.093000000000000000e+03 1.160000000000000000e+02
1.094000000000000000e+03 2.700000000000000000e+01
1.094000000000000000e+03 2.400000000000000000e+01
1.095000000000000000e+03 1.220000000000000000e+02
1.095000000000000000e+03 1.290000000000000000e+02
1.096000000000000000e+03 1.220000000000000000e+02
1.096000000000000000e+03 1.290000000000000000e+02
1.096000000000000000e+03 8.000000000000000000e+00
1.099000000000000000e+03 1.140000000000000000e+02
1.100000000000000000e+03 9.300000000000000000e+01
1.103000000000000000e+03 1.080000000000000000e+02
1.103000000000000000e+03 1.140000000000000000e+02
1.104000000000000000e+03 1.080000000000000000e+02
1.104000000000000000e+03 1.390000000000000000e+02
1.104000000000000000e+03 2.000000000000000000e+01
1.104000000000000000e+03 1.010000000000000000e+02
1.104000000000000000e+03 9.400000000000000000e+01
1.105000000000000000e+03 1.080000000000000000e+02
1.105000000000000000e+03 1.140000000000000000e+02
1.106000000000000000e+03 1.080000000000000000e+02
1.107000000000000000e+03 1.400000000000000000e+01
1.107000000000000000e+03 6.000000000000000000e+01
1.107000000000000000e+03 3.300000000000000000e+01
1.111000000000000000e+03 9.600000000000000000e+01
1.152000000000000000e+03 1.180000000000000000e+02
1.161000000000000000e+03 8.600000000000000000e+01
1.161000000000000000e+03 1.260000000000000000e+02
1.161000000000000000e+03 1.220000000000000000e+02
1.161000000000000000e+03 1.210000000000000000e+02
1.161000000000000000e+03 3.300000000000000000e+01
1.161000000000000000e+03 1.600000000000000000e+01
1.161000000000000000e+03 5.700000000000000000e+01
1.164000000000000000e+03 8.600000000000000000e+01
1.164000000000000000e+03 3.000000000000000000e+00
1.164000000000000000e+03 1.600000000000000000e+01
1.164000000000000000e+03 5.700000000000000000e+01
1.164000000000000000e+03 3.300000000000000000e+01
1.165000000000000000e+03 1.080000000000000000e+02
1.166000000000000000e+03 9.400000000000000000e+01
1.167000000000000000e+03 1.220000000000000000e+02
1.173000000000000000e+03 1.100000000000000000e+01
1.173000000000000000e+03 9.400000000000000000e+01
1.173000000000000000e+03 5.900000000000000000e+01
1.173000000000000000e+03 2.800000000000000000e+01
1.173000000000000000e+03 3.000000000000000000e+00
1.173000000000000000e+03 1.080000000000000000e+02
1.173000000000000000e+03 1.130000000000000000e+02
1.173000000000000000e+03 3.000000000000000000e+01
1.173000000000000000e+03 3.300000000000000000e+01
1.176000000000000000e+03 3.300000000000000000e+01
1.179000000000000000e+03 5.700000000000000000e+01
1.185000000000000000e+03 1.360000000000000000e+02
1.186000000000000000e+03 7.300000000000000000e+01
1.186000000000000000e+03 5.300000000000000000e+01
1.186000000000000000e+03 1.080000000000000000e+02
1.186000000000000000e+03 4.600000000000000000e+01
1.187000000000000000e+03 1.220000000000000000e+02
1.187000000000000000e+03 9.400000000000000000e+01
1.188000000000000000e+03 9.400000000000000000e+01
1.190000000000000000e+03 1.600000000000000000e+01
1.190000000000000000e+03 5.700000000000000000e+01
1.190000000000000000e+03 9.900000000000000000e+01
1.190000000000000000e+03 8.600000000000000000e+01
1.202000000000000000e+03 9.400000000000000000e+01
1.204000000000000000e+03 9.400000000000000000e+01
1.204000000000000000e+03 9.000000000000000000e+00
1.205000000000000000e+03 3.900000000000000000e+01
1.207000000000000000e+03 9.400000000000000000e+01
1.209000000000000000e+03 9.400000000000000000e+01
1.210000000000000000e+03 1.080000000000000000e+02
1.237000000000000000e+03 3.300000000000000000e+01
1.238000000000000000e+03 5.700000000000000000e+01
1.239000000000000000e+03 5.300000000000000000e+01
1.239000000000000000e+03 1.080000000000000000e+02
1.239000000000000000e+03 1.130000000000000000e+02
1.239000000000000000e+03 1.220000000000000000e+02
1.239000000000000000e+03 9.400000000000000000e+01
1.240000000000000000e+03 9.400000000000000000e+01
1.241000000000000000e+03 2.800000000000000000e+01
1.242000000000000000e+03 8.700000000000000000e+01
1.243000000000000000e+03 9.400000000000000000e+01
1.244000000000000000e+03 3.300000000000000000e+01
1.245000000000000000e+03 3.300000000000000000e+01
1.246000000000000000e+03 8.900000000000000000e+01
1.246000000000000000e+03 1.080000000000000000e+02
1.250000000000000000e+03 3.300000000000000000e+01
1.251000000000000000e+03 8.200000000000000000e+01
1.251000000000000000e+03 3.300000000000000000e+01
1.251000000000000000e+03 1.180000000000000000e+02
1.256000000000000000e+03 2.000000000000000000e+01
1.257000000000000000e+03 2.000000000000000000e+01
1.261000000000000000e+03 1.080000000000000000e+02
1.262000000000000000e+03 1.080000000000000000e+02
1.263000000000000000e+03 5.700000000000000000e+01
1.263000000000000000e+03 9.100000000000000000e+01
1.263000000000000000e+03 9.000000000000000000e+01
1.263000000000000000e+03 6.900000000000000000e+01
1.263000000000000000e+03 1.040000000000000000e+02
1.263000000000000000e+03 1.360000000000000000e+02
1.263000000000000000e+03 9.400000000000000000e+01
1.265000000000000000e+03 1.080000000000000000e+02
1.283000000000000000e+03 9.400000000000000000e+01
1.284000000000000000e+03 9.400000000000000000e+01
1.285000000000000000e+03 9.400000000000000000e+01
1.288000000000000000e+03 9.400000000000000000e+01
1.290000000000000000e+03 8.700000000000000000e+01
1.291000000000000000e+03 9.400000000000000000e+01
1.297000000000000000e+03 4.300000000000000000e+01
1.297000000000000000e+03 4.400000000000000000e+01
1.297000000000000000e+03 1.260000000000000000e+02
1.297000000000000000e+03 1.080000000000000000e+02
1.297000000000000000e+03 8.900000000000000000e+01
1.297000000000000000e+03 8.300000000000000000e+01
1.300000000000000000e+03 9.400000000000000000e+01
1.301000000000000000e+03 1.080000000000000000e+02
1.302000000000000000e+03 1.080000000000000000e+02
1.302000000000000000e+03 1.140000000000000000e+02
1.307000000000000000e+03 1.040000000000000000e+02
1.321000000000000000e+03 3.200000000000000000e+01
1.322000000000000000e+03 5.700000000000000000e+01
1.322000000000000000e+03 1.370000000000000000e+02
1.322000000000000000e+03 9.400000000000000000e+01
1.323000000000000000e+03 5.700000000000000000e+01
1.323000000000000000e+03 1.370000000000000000e+02
1.323000000000000000e+03 1.400000000000000000e+02
1.324000000000000000e+03 5.700000000000000000e+01
1.324000000000000000e+03 1.370000000000000000e+02
1.325000000000000000e+03 5.700000000000000000e+01
1.325000000000000000e+03 1.370000000000000000e+02
1.325000000000000000e+03 1.400000000000000000e+02
1.327000000000000000e+03 3.300000000000000000e+01
1.329000000000000000e+03 9.400000000000000000e+01
1.334000000000000000e+03 5.700000000000000000e+01
1.334000000000000000e+03 1.370000000000000000e+02
1.335000000000000000e+03 9.400000000000000000e+01
1.335000000000000000e+03 1.180000000000000000e+02
1.338000000000000000e+03 1.180000000000000000e+02
1.339000000000000000e+03 1.080000000000000000e+02
1.339000000000000000e+03 1.130000000000000000e+02
1.341000000000000000e+03 2.000000000000000000e+01
1.341000000000000000e+03 9.400000000000000000e+01
1.341000000000000000e+03 5.700000000000000000e+01
1.341000000000000000e+03 7.900000000000000000e+01
1.341000000000000000e+03 1.220000000000000000e+02
1.341000000000000000e+03 3.000000000000000000e+00
1.341000000000000000e+03 6.900000000000000000e+01
1.341000000000000000e+03 1.080000000000000000e+02
1.342000000000000000e+03 9.400000000000000000e+01
1.343000000000000000e+03 3.300000000000000000e+01
1.349000000000000000e+03 1.080000000000000000e+02
1.349000000000000000e+03 1.140000000000000000e+02
1.350000000000000000e+03 5.300000000000000000e+01
1.350000000000000000e+03 1.080000000000000000e+02
1.350000000000000000e+03 1.130000000000000000e+02
1.350000000000000000e+03 1.220000000000000000e+02
1.350000000000000000e+03 9.400000000000000000e+01
1.352000000000000000e+03 1.040000000000000000e+02
1.353000000000000000e+03 5.300000000000000000e+01
1.353000000000000000e+03 1.080000000000000000e+02
1.353000000000000000e+03 1.130000000000000000e+02
1.353000000000000000e+03 1.220000000000000000e+02
1.353000000000000000e+03 9.400000000000000000e+01
1.354000000000000000e+03 1.180000000000000000e+02
1.359000000000000000e+03 1.080000000000000000e+02
1.360000000000000000e+03 9.400000000000000000e+01
1.367000000000000000e+03 8.700000000000000000e+01
1.368000000000000000e+03 3.300000000000000000e+01
1.369000000000000000e+03 9.400000000000000000e+01
1.369000000000000000e+03 1.080000000000000000e+02
1.370000000000000000e+03 8.900000000000000000e+01
1.371000000000000000e+03 5.700000000000000000e+01
1.371000000000000000e+03 9.400000000000000000e+01
1.378000000000000000e+03 9.400000000000000000e+01
1.378000000000000000e+03 5.700000000000000000e+01
1.379000000000000000e+03 9.400000000000000000e+01
1.379000000000000000e+03 5.700000000000000000e+01
1.381000000000000000e+03 9.400000000000000000e+01
1.382000000000000000e+03 2.700000000000000000e+01
1.382000000000000000e+03 2.400000000000000000e+01
1.384000000000000000e+03 9.400000000000000000e+01
1.385000000000000000e+03 9.400000000000000000e+01
1.388000000000000000e+03 2.000000000000000000e+00
1.388000000000000000e+03 6.600000000000000000e+01
1.388000000000000000e+03 7.500000000000000000e+01
1.389000000000000000e+03 9.400000000000000000e+01
1.390000000000000000e+03 1.080000000000000000e+02
1.390000000000000000e+03 3.300000000000000000e+01
1.390000000000000000e+03 9.400000000000000000e+01
1.391000000000000000e+03 1.080000000000000000e+02
1.391000000000000000e+03 3.300000000000000000e+01
1.391000000000000000e+03 9.400000000000000000e+01
1.392000000000000000e+03 1.080000000000000000e+02
1.392000000000000000e+03 3.300000000000000000e+01
1.392000000000000000e+03 9.400000000000000000e+01
1.393000000000000000e+03 1.080000000000000000e+02
1.393000000000000000e+03 3.300000000000000000e+01
1.393000000000000000e+03 9.400000000000000000e+01
1.394000000000000000e+03 1.080000000000000000e+02
1.394000000000000000e+03 3.300000000000000000e+01
1.394000000000000000e+03 9.400000000000000000e+01
1.395000000000000000e+03 1.080000000000000000e+02
1.395000000000000000e+03 3.300000000000000000e+01
1.395000000000000000e+03 9.400000000000000000e+01
1.396000000000000000e+03 2.000000000000000000e+01
1.396000000000000000e+03 1.600000000000000000e+01
1.396000000000000000e+03 9.400000000000000000e+01
1.396000000000000000e+03 2.000000000000000000e+00
1.396000000000000000e+03 1.000000000000000000e+00
1.397000000000000000e+03 7.400000000000000000e+01
1.399000000000000000e+03 1.080000000000000000e+02
1.399000000000000000e+03 9.400000000000000000e+01
1.400000000000000000e+03 1.370000000000000000e+02
1.401000000000000000e+03 3.300000000000000000e+01
1.406000000000000000e+03 4.600000000000000000e+01
1.407000000000000000e+03 5.700000000000000000e+01
1.407000000000000000e+03 9.100000000000000000e+01
1.407000000000000000e+03 9.000000000000000000e+01
1.407000000000000000e+03 6.900000000000000000e+01
1.407000000000000000e+03 1.040000000000000000e+02
1.408000000000000000e+03 3.300000000000000000e+01
1.409000000000000000e+03 1.040000000000000000e+02
1.411000000000000000e+03 3.300000000000000000e+01
1.412000000000000000e+03 5.700000000000000000e+01
1.412000000000000000e+03 1.080000000000000000e+02
1.413000000000000000e+03 1.080000000000000000e+02
1.414000000000000000e+03 5.700000000000000000e+01
1.415000000000000000e+03 1.080000000000000000e+02
1.415000000000000000e+03 1.140000000000000000e+02
1.442000000000000000e+03 9.400000000000000000e+01
1.445000000000000000e+03 9.400000000000000000e+01
1.446000000000000000e+03 7.400000000000000000e+01
1.446000000000000000e+03 9.400000000000000000e+01
1.447000000000000000e+03 3.900000000000000000e+01
1.447000000000000000e+03 9.400000000000000000e+01
1.449000000000000000e+03 9.400000000000000000e+01
1.450000000000000000e+03 9.400000000000000000e+01
1.451000000000000000e+03 1.080000000000000000e+02
1.451000000000000000e+03 5.400000000000000000e+01
1.451000000000000000e+03 8.900000000000000000e+01
1.451000000000000000e+03 5.700000000000000000e+01
1.451000000000000000e+03 9.400000000000000000e+01
1.451000000000000000e+03 1.220000000000000000e+02
1.467000000000000000e+03 1.080000000000000000e+02
1.469000000000000000e+03 9.400000000000000000e+01
1.472000000000000000e+03 1.130000000000000000e+02
1.472000000000000000e+03 1.080000000000000000e+02
1.473000000000000000e+03 1.220000000000000000e+02
1.474000000000000000e+03 3.300000000000000000e+01
1.475000000000000000e+03 5.300000000000000000e+01
1.475000000000000000e+03 1.080000000000000000e+02
1.475000000000000000e+03 1.130000000000000000e+02
1.475000000000000000e+03 1.220000000000000000e+02
1.475000000000000000e+03 9.400000000000000000e+01
1.479000000000000000e+03 9.400000000000000000e+01
1.490000000000000000e+03 1.220000000000000000e+02
1.493000000000000000e+03 9.400000000000000000e+01
1.495000000000000000e+03 9.900000000000000000e+01
1.496000000000000000e+03 9.900000000000000000e+01
1.498000000000000000e+03 1.340000000000000000e+02
1.498000000000000000e+03 1.390000000000000000e+02
1.498000000000000000e+03 1.350000000000000000e+02
1.498000000000000000e+03 1.360000000000000000e+02
1.499000000000000000e+03 3.300000000000000000e+01
1.500000000000000000e+03 9.400000000000000000e+01
1.500000000000000000e+03 5.700000000000000000e+01
1.500000000000000000e+03 1.370000000000000000e+02
1.501000000000000000e+03 1.080000000000000000e+02
1.502000000000000000e+03 1.080000000000000000e+02
1.503000000000000000e+03 1.220000000000000000e+02
1.504000000000000000e+03 1.040000000000000000e+02
1.510000000000000000e+03 1.220000000000000000e+02
1.511000000000000000e+03 1.080000000000000000e+02
1.513000000000000000e+03 2.700000000000000000e+01
1.513000000000000000e+03 2.400000000000000000e+01
1.513000000000000000e+03 5.700000000000000000e+01
1.513000000000000000e+03 1.080000000000000000e+02
1.513000000000000000e+03 9.400000000000000000e+01
1.514000000000000000e+03 9.400000000000000000e+01
1.514000000000000000e+03 1.180000000000000000e+02
1.514000000000000000e+03 1.220000000000000000e+02
1.517000000000000000e+03 8.900000000000000000e+01
1.519000000000000000e+03 1.130000000000000000e+02
1.519000000000000000e+03 1.080000000000000000e+02
1.523000000000000000e+03 1.130000000000000000e+02
1.523000000000000000e+03 1.080000000000000000e+02
1.525000000000000000e+03 9.400000000000000000e+01
1.525000000000000000e+03 9.000000000000000000e+00
1.527000000000000000e+03 5.700000000000000000e+01
1.529000000000000000e+03 1.180000000000000000e+02
1.530000000000000000e+03 3.200000000000000000e+01
1.531000000000000000e+03 5.700000000000000000e+01
1.531000000000000000e+03 1.370000000000000000e+02
1.531000000000000000e+03 9.400000000000000000e+01
1.532000000000000000e+03 1.220000000000000000e+02
1.532000000000000000e+03 1.290000000000000000e+02
1.534000000000000000e+03 1.220000000000000000e+02
1.534000000000000000e+03 8.000000000000000000e+00
1.535000000000000000e+03 1.220000000000000000e+02
1.535000000000000000e+03 1.290000000000000000e+02
1.535000000000000000e+03 8.000000000000000000e+00
1.538000000000000000e+03 1.220000000000000000e+02
1.538000000000000000e+03 8.000000000000000000e+00
1.539000000000000000e+03 1.220000000000000000e+02
1.539000000000000000e+03 1.290000000000000000e+02
1.542000000000000000e+03 1.220000000000000000e+02
1.542000000000000000e+03 1.290000000000000000e+02
1.542000000000000000e+03 8.000000000000000000e+00
1.543000000000000000e+03 9.400000000000000000e+01
1.544000000000000000e+03 1.220000000000000000e+02
1.547000000000000000e+03 9.400000000000000000e+01
1.547000000000000000e+03 4.900000000000000000e+01
1.547000000000000000e+03 5.300000000000000000e+01
1.547000000000000000e+03 6.900000000000000000e+01
1.547000000000000000e+03 3.300000000000000000e+01
1.549000000000000000e+03 1.080000000000000000e+02
1.549000000000000000e+03 1.130000000000000000e+02
1.552000000000000000e+03 5.700000000000000000e+01
1.560000000000000000e+03 1.220000000000000000e+02
1.561000000000000000e+03 3.300000000000000000e+01
1.562000000000000000e+03 9.400000000000000000e+01
1.562000000000000000e+03 1.180000000000000000e+02
1.563000000000000000e+03 5.300000000000000000e+01
1.564000000000000000e+03 1.080000000000000000e+02
1.565000000000000000e+03 9.400000000000000000e+01
1.567000000000000000e+03 9.400000000000000000e+01
1.568000000000000000e+03 9.400000000000000000e+01
1.568000000000000000e+03 5.700000000000000000e+01
1.568000000000000000e+03 2.500000000000000000e+01
1.568000000000000000e+03 1.080000000000000000e+02
1.568000000000000000e+03 1.130000000000000000e+02
1.568000000000000000e+03 7.100000000000000000e+01
1.569000000000000000e+03 1.080000000000000000e+02
1.571000000000000000e+03 1.080000000000000000e+02
1.572000000000000000e+03 5.700000000000000000e+01
1.573000000000000000e+03 1.250000000000000000e+02
1.574000000000000000e+03 5.700000000000000000e+01
1.574000000000000000e+03 1.370000000000000000e+02
1.579000000000000000e+03 9.400000000000000000e+01
1.580000000000000000e+03 3.200000000000000000e+01
1.580000000000000000e+03 9.600000000000000000e+01
1.581000000000000000e+03 9.600000000000000000e+01
1.583000000000000000e+03 1.360000000000000000e+02
1.592000000000000000e+03 1.360000000000000000e+02
1.600000000000000000e+03 5.700000000000000000e+01
1.601000000000000000e+03 9.400000000000000000e+01
1.601000000000000000e+03 1.080000000000000000e+02
1.602000000000000000e+03 1.080000000000000000e+02
1.603000000000000000e+03 6.200000000000000000e+01
1.603000000000000000e+03 7.400000000000000000e+01
1.603000000000000000e+03 5.700000000000000000e+01
1.604000000000000000e+03 3.200000000000000000e+01
1.606000000000000000e+03 3.300000000000000000e+01
1.607000000000000000e+03 5.700000000000000000e+01
1.609000000000000000e+03 9.400000000000000000e+01
1.611000000000000000e+03 1.370000000000000000e+02
1.613000000000000000e+03 9.000000000000000000e+01
1.613000000000000000e+03 9.400000000000000000e+01
1.613000000000000000e+03 5.700000000000000000e+01
1.614000000000000000e+03 1.220000000000000000e+02
1.614000000000000000e+03 1.290000000000000000e+02
1.614000000000000000e+03 8.000000000000000000e+00
1.617000000000000000e+03 3.300000000000000000e+01
1.618000000000000000e+03 9.400000000000000000e+01
1.619000000000000000e+03 3.300000000000000000e+01
1.620000000000000000e+03 8.600000000000000000e+01
1.620000000000000000e+03 1.600000000000000000e+01
1.620000000000000000e+03 5.700000000000000000e+01
1.620000000000000000e+03 9.900000000000000000e+01
1.621000000000000000e+03 3.300000000000000000e+01
1.622000000000000000e+03 9.400000000000000000e+01
1.623000000000000000e+03 1.080000000000000000e+02
1.623000000000000000e+03 9.400000000000000000e+01
1.628000000000000000e+03 3.300000000000000000e+01
1.630000000000000000e+03 3.300000000000000000e+01
1.632000000000000000e+03 1.220000000000000000e+02
1.632000000000000000e+03 5.700000000000000000e+01
1.633000000000000000e+03 1.080000000000000000e+02
1.634000000000000000e+03 1.080000000000000000e+02
1.635000000000000000e+03 3.300000000000000000e+01
1.636000000000000000e+03 5.700000000000000000e+01
1.637000000000000000e+03 3.300000000000000000e+01
1.639000000000000000e+03 2.700000000000000000e+01
1.639000000000000000e+03 2.400000000000000000e+01
1.639000000000000000e+03 9.400000000000000000e+01
1.639000000000000000e+03 1.080000000000000000e+02
1.639000000000000000e+03 1.180000000000000000e+02
1.641000000000000000e+03 3.300000000000000000e+01
1.642000000000000000e+03 3.300000000000000000e+01
1.642000000000000000e+03 3.500000000000000000e+01
1.642000000000000000e+03 3.400000000000000000e+01
1.642000000000000000e+03 3.700000000000000000e+01
1.642000000000000000e+03 9.400000000000000000e+01
1.642000000000000000e+03 1.130000000000000000e+02
1.642000000000000000e+03 1.080000000000000000e+02
1.643000000000000000e+03 3.300000000000000000e+01
1.644000000000000000e+03 1.360000000000000000e+02
1.644000000000000000e+03 1.370000000000000000e+02
1.645000000000000000e+03 1.360000000000000000e+02
1.645000000000000000e+03 1.370000000000000000e+02
1.646000000000000000e+03 1.080000000000000000e+02
1.648000000000000000e+03 9.400000000000000000e+01
1.649000000000000000e+03 1.220000000000000000e+02
1.652000000000000000e+03 1.180000000000000000e+02
1.653000000000000000e+03 1.370000000000000000e+02
1.659000000000000000e+03 3.300000000000000000e+01
1.659000000000000000e+03 3.500000000000000000e+01
1.659000000000000000e+03 1.220000000000000000e+02
1.659000000000000000e+03 8.000000000000000000e+01
1.660000000000000000e+03 3.300000000000000000e+01
1.661000000000000000e+03 3.300000000000000000e+01
1.663000000000000000e+03 5.700000000000000000e+01
1.664000000000000000e+03 5.700000000000000000e+01
1.664000000000000000e+03 9.100000000000000000e+01
1.664000000000000000e+03 9.000000000000000000e+01
1.664000000000000000e+03 6.900000000000000000e+01
1.664000000000000000e+03 1.040000000000000000e+02
1.666000000000000000e+03 9.400000000000000000e+01
1.666000000000000000e+03 5.700000000000000000e+01
1.666000000000000000e+03 1.370000000000000000e+02
1.666000000000000000e+03 1.080000000000000000e+02
1.667000000000000000e+03 3.300000000000000000e+01
1.669000000000000000e+03 3.900000000000000000e+01
1.669000000000000000e+03 1.080000000000000000e+02
1.669000000000000000e+03 1.090000000000000000e+02
1.669000000000000000e+03 1.100000000000000000e+02
1.669000000000000000e+03 1.120000000000000000e+02
1.669000000000000000e+03 1.110000000000000000e+02
1.669000000000000000e+03 1.130000000000000000e+02
1.669000000000000000e+03 5.300000000000000000e+01
1.670000000000000000e+03 5.700000000000000000e+01
1.671000000000000000e+03 9.000000000000000000e+00
1.671000000000000000e+03 5.700000000000000000e+01
1.672000000000000000e+03 9.400000000000000000e+01
1.674000000000000000e+03 5.000000000000000000e+00
1.675000000000000000e+03 5.700000000000000000e+01
1.676000000000000000e+03 5.700000000000000000e+01
1.677000000000000000e+03 9.400000000000000000e+01
1.678000000000000000e+03 3.300000000000000000e+01
1.679000000000000000e+03 5.300000000000000000e+01
1.681000000000000000e+03 3.300000000000000000e+01
1.708000000000000000e+03 3.300000000000000000e+01
1.709000000000000000e+03 3.300000000000000000e+01
1.711000000000000000e+03 9.400000000000000000e+01
1.712000000000000000e+03 5.700000000000000000e+01
1.713000000000000000e+03 9.400000000000000000e+01
1.715000000000000000e+03 9.400000000000000000e+01
1.716000000000000000e+03 9.400000000000000000e+01
1.716000000000000000e+03 5.700000000000000000e+01
1.716000000000000000e+03 1.080000000000000000e+02
1.717000000000000000e+03 9.400000000000000000e+01
1.717000000000000000e+03 5.700000000000000000e+01
1.717000000000000000e+03 2.500000000000000000e+01
1.717000000000000000e+03 1.080000000000000000e+02
1.717000000000000000e+03 1.130000000000000000e+02
1.717000000000000000e+03 7.100000000000000000e+01
1.719000000000000000e+03 3.300000000000000000e+01
